             LISTADO DE CURSOS
==============================================================================================================
 0) INF263    Algoritmia                                                  17        0.00 
 1) MEC270    Procesos_De_Manufactura                                     21        0.00 
 2) MEC289    Turbomaquinas_Y_Maquinas_De_Desplazamiento_Positivo         15        0.00 
 3) MAT241    Metodos_Numericos_En_Ingenieria                             23        0.00 
 4) MEC206    Termodinamica_1                                             15        0.00 
 5) INF246    Bases_De_Datos                                              25        0.00 
            LISTADO DE ALUMNOS
==============================================================================================================
 0) 20211     5802   MINAYA/AMEZQUITA/RHONY-JAIME                                PRESENCIAL          0    12.50     0.00 179632586761666460335206251901222912.00
 1) 20231     2050   LOYOLA/HIJAR/NICOLAS-OSCAR                                  VIRTUAL             0    11.25     0.00 179632586761666423441718104482119680.00
 2) 20212     7660   CHANG/ARGUEDAS/HENRY-ANTONIO                                SEMIPRESENCIAL      25   3.75      0.00 179632586761666423441718104482119680.00
 3) 20231     5527   JUSTINO/COLLADO/LUZ-DELICIA                                 SEMIPRESENCIAL      30   7.50      0.00 179632586761666386548229957063016448.00
 4) 20231     8320   NORABUENA/RIVERA/GLORIA-YESSICA                             VIRTUAL             0    15.50     0.00 179632586761666460335206251901222912.00
 5) 20212     9735   MENDOZA/CORREA/JESUS-CHRISTIAN                              SEMIPRESENCIAL      50   12.50     0.00 179632586761666460335206251901222912.00
 6) 20231     8072   RIVERA/MONTERO/GLORIA-OFELIA                                VIRTUAL             0    3.75      0.00 179632586761666386548229957063016448.00
 7) 20231     8383   GORDILLO/BOLANOS/ARTURO-GONZALO                             PRESENCIAL          0    7.50      0.00 179632586761666386548229957063016448.00
 8) 20221     7030   LUNA/POLO/SONIA                                             VIRTUAL             0    3.75      0.00 179632586761666386548229957063016448.00
 9) 20222     4569   RIVERA/PASQUEL/OFELIA-CINTHIA                               PRESENCIAL          0    16.75     0.00 179632586761666460335206251901222912.00
10) 20231     8318   TOKESHI/GONZALES/MARTIN                                     SEMIPRESENCIAL      50   7.50      0.00 179632586761666312761253662224809984.00
11) 20212     7344   DEL_POZO/QUIO/CESAR                                         VIRTUAL             0    7.75      0.00 179632586761666386548229957063016448.00
12) 20231     9103   LEE/VASQUEZ/JENNY                                           VIRTUAL             0    15.00     0.00 179632586761666423441718104482119680.00
13) 20231     3065   RETT/SERRANO/RAFAEL-RHONY                                   VIRTUAL             0    3.75      0.00 179632586761666349654741809643913216.00
14) 20222     2447   VILCA/JUSTINO/MELVIN                                        VIRTUAL             0    3.75      0.00 179632586761666312761253662224809984.00
15) 20212     3703   GAMARRA/TABORI/PAUL-RONAL                                   SEMIPRESENCIAL      30   10.75     0.00 179632586761666460335206251901222912.00
16) 20221     1325   MORI/ARROYO/SHIRLEY                                         PRESENCIAL          0    6.75      0.00 179632586761666386548229957063016448.00
17) 20231     5724   VEGA/SAENZ/ALEXANDER-RICHARD                                SEMIPRESENCIAL      50   10.75     0.00 179632586761666423441718104482119680.00
18) 20222     6249   WONG/GALLO/JANET-MADELEINE                                  SEMIPRESENCIAL      30   8.25      0.00 179632586761666312761253662224809984.00
19) 20231     5643   IBEROS/ZAMBRANO/GONZALO                                     PRESENCIAL          0    7.75      0.00 179632586761666349654741809643913216.00
20) 20231     2501   CORTES/REYES/MARIBEL                                        VIRTUAL             0    8.50      0.00 179632586761666349654741809643913216.00
21) 20231     2360   VILCA/BARRERA/CESAR-EDGAR                                   SEMIPRESENCIAL      50   16.50     0.00 179632586761666460335206251901222912.00
22) 20212     5775   PRADO/PAREDES/JUAN                                          SEMIPRESENCIAL      50   13.00     0.00 179632586761666386548229957063016448.00
23) 20222     5778   MUNOZ/ZIMIC/ROCIO-DELICIA                                   SEMIPRESENCIAL      50   10.75     0.00 179632586761666349654741809643913216.00
24) 20211     1397   ZEVALLOS/PRADO/RICARDO                                      SEMIPRESENCIAL      50   8.50      0.00 179632586761666349654741809643913216.00
25) 20231     3754   MALCA/SAAVEDRA/DORIS-MILAGROS                               SEMIPRESENCIAL      30   7.75      0.00 179632586761666386548229957063016448.00
26) 20221     5494   DE_LA_HAZA/CASTRO/EMIGDIO-JOHNNY                            SEMIPRESENCIAL      30   13.00     0.00 179632586761666349654741809643913216.00
27) 20222     6929   BOLANOS/FUENTES/JORGE                                       SEMIPRESENCIAL      50   8.50      0.00 179632586761666349654741809643913216.00
28) 20221     6453   MINAYA/VIZCARRA/JUVENAL                                     SEMIPRESENCIAL      25   11.50     0.00 179632586761666386548229957063016448.00
29) 20212     9719   MAEIREIZO/VASQUEZ/LOURDES-SILVIA                            PRESENCIAL          0    12.25     0.00 179632586761666349654741809643913216.00
30) 20211     3223   DIAZ/SEDANO/YVONNE                                          SEMIPRESENCIAL      30   4.00      0.00 179632586761666423441718104482119680.00
31) 20211     9958   QUISPE/BERROCAL/ANTONIO-ALVARO-DANIEL                       PRESENCIAL          0    10.75     0.00 179632586761666386548229957063016448.00
32) 20221     9437   ZIMIC/PAREDES/SHIRLEY                                       SEMIPRESENCIAL      25   8.25      0.00 179632586761666423441718104482119680.00
33) 20211     9153   MENDOZA/ARIAS/HENRY                                         PRESENCIAL          0    8.50      0.00 179632586761666423441718104482119680.00
34) 20231     1247   SERRANO/JOLAY/RHONY-ROLANDO                                 PRESENCIAL          0    7.00      0.00 179632586761666460335206251901222912.00
35) 20221     5067   JAUREGUI/AGUERO/HECTOR-HENRY                                SEMIPRESENCIAL      50   8.75      0.00 179632586761666423441718104482119680.00
36) 20221     4204   DIAZ/IBEROS/GLENDA-YESSICA                                  SEMIPRESENCIAL      50   8.00      0.00 179632586761666423441718104482119680.00
37) 20211     4285   CHAVARRI/ALDAVE/FERNANDO-MARTIN                             SEMIPRESENCIAL      25   4.25      0.00 179632586761666349654741809643913216.00
38) 20231     3122   CUBA/NARVAEZ/PAUL-JOHN                                      PRESENCIAL          0    11.75     0.00 179632586761666349654741809643913216.00
39) 20222     7316   RIVERO/RETT/RONY-ANTONIO                                    SEMIPRESENCIAL      30   4.25      0.00 179632586761666349654741809643913216.00
40) 20211     1260   GORDILLO/CASTRO/RONAL                                       PRESENCIAL          0    8.00      0.00 179632586761666349654741809643913216.00
41) 20231     2000   LANDA/CUEVA/JOHAN                                           VIRTUAL             0    13.25     0.00 179632586761666423441718104482119680.00
42) 20211     6963   CORTEZ/LEIVA/SURAMI-SILVIA                                  SEMIPRESENCIAL      30   13.25     0.00 179632586761666423441718104482119680.00
43) 20211     9707   MIRANDA/LARRIEGA/JUVENAL-NESTOR                             SEMIPRESENCIAL      30   8.00      0.00 179632586761666349654741809643913216.00
44) 20231     3249   NORABUENA/PAIRAZAMAN/JULIAN                                 PRESENCIAL          0    11.25     0.00 179632586761666386548229957063016448.00
45) 20222     4918   PORTUGAL/GUEVARA/HELI-JOHANA                                SEMIPRESENCIAL      50   6.75      0.00 179632586761666460335206251901222912.00
46) 20211     4739   VELASQUEZ/CANO/FERNANDO                                     SEMIPRESENCIAL      50   7.50      0.00 179632586761666423441718104482119680.00
47) 20231     9927   PATINO/MEZA/MANUEL                                          VIRTUAL             0    3.00      0.00 179632586761666386548229957063016448.00
48) 20212     9785   FARFAN/RARAZ/WALDEMAR                                       SEMIPRESENCIAL      50   3.00      0.00 179632586761666423441718104482119680.00
49) 20231     5763   CORREA/AGUIRRE/MOISES                                       SEMIPRESENCIAL      30   3.00      0.00 179632586761666349654741809643913216.00
50) 20231     5318   FLORENCIO/LAM/PAUL-RONALD                                   PRESENCIAL          0    6.75      0.00 179632586761666386548229957063016448.00
51) 20221     9773   SANCHEZ/CUBA/NATALIA-ESTEFANIA                              SEMIPRESENCIAL      50   6.75      0.00 179632586761666460335206251901222912.00
52) 20212     1791   GONZALES/VELASQUEZ/WALTER                                   SEMIPRESENCIAL      25   3.00      0.00 179632586761666312761253662224809984.00
53) 20231     4919   CORTES/CALIXTO/ROSARIO                                      SEMIPRESENCIAL      50   7.50      0.00 179632586761666460335206251901222912.00
54) 20211     6038   SAONA/ARIAS/ALBERTO                                         SEMIPRESENCIAL      25   6.75      0.00 179632586761666423441718104482119680.00
55) 20221     4712   CASANOVA/CHUMPITAZ/ALONSO                                   VIRTUAL             0    6.75      0.00 179632586761666349654741809643913216.00
56) 20212     5607   POZO/JUGO/ISABEL                                            PRESENCIAL          0    9.00      0.00 179632586761666349654741809643913216.00
57) 20212     6490   TAVERA/CORREA/FERNANDO                                      SEMIPRESENCIAL      50   4.50      0.00 179632586761666349654741809643913216.00
58) 20222     3508   AURIS/JOLAY/HENRY-EDILBERTO                                 SEMIPRESENCIAL      50   9.00      0.00 179632586761666460335206251901222912.00
59) 20212     3402   VIZCARDO/MORI/LUCERO-ZKENIA                                 PRESENCIAL          0    3.75      0.00 179632586761666312761253662224809984.00
60) 20221     3745   CARO/QUISPE/JORGE                                           VIRTUAL             0    3.75      0.00 179632586761666312761253662224809984.00
61) 20231     1748   PATINO/FUENTES/MILAGROS-MARIELLA                            VIRTUAL             0    8.25      0.00 179632586761666423441718104482119680.00
62) 20212     3373   ESCALANTE/RARAZ/BLANCA                                      PRESENCIAL          0    3.75      0.00 179632586761666386548229957063016448.00
63) 20231     6015   ALFARO/FUENTES/MAGDA                                        VIRTUAL             0    8.25      0.00 179632586761666386548229957063016448.00
64) 20212     2742   ZAVALETA/LOPEZ/KARIN-VIRGINIA                               PRESENCIAL          0    4.50      0.00 179632586761666460335206251901222912.00
               LISTA DE CLASES
==============================================================================================================
 0) INF263    20211     5802      
 1) INF263    20231     2050      
 2) INF263    20212     7660      
 3) INF263    20231     5527      
 4) INF263    20231     8320      
 5) INF263    20212     9735      
 6) INF263    20231     8072      
 7) INF263    20231     8383      
 8) INF263    20221     7030      
 9) INF263    20222     4569      
10) INF263    20231     8318      
11) INF263    20212     7344      
12) INF263    20231     9103      
13) INF263    20231     3065      
14) INF263    20222     2447      
15) INF263    20212     3703      
16) INF263    20221     1325      
17) MEC270    20231     5724      
18) MEC270    20222     6249      
19) MEC270    20231     5643      
20) MEC270    20231     2501      
21) MEC270    20212     3703      
22) MEC270    20231     2360      
23) MEC270    20212     5775      
24) MEC270    20222     5778      
25) MEC270    20211     1397      
26) MEC270    20231     3754      
27) MEC270    20221     5494      
28) MEC270    20222     6929      
29) MEC270    20221     6453      
30) MEC270    20212     9719      
31) MEC270    20211     3223      
32) MEC270    20222     4569      
33) MEC270    20211     9958      
34) MEC270    20212     7344      
35) MEC270    20221     9437      
36) MEC270    20211     9153      
37) MEC270    20231     1247      
38) MEC289    20221     5067      
39) MEC289    20221     4204      
40) MEC289    20211     4285      
41) MEC289    20231     3122      
42) MEC289    20222     7316      
43) MEC289    20221     9437      
44) MEC289    20211     1260      
45) MEC289    20231     8320      
46) MEC289    20231     2360      
47) MEC289    20231     2000      
48) MEC289    20211     6963      
49) MEC289    20211     5802      
50) MEC289    20222     6249      
51) MEC289    20211     9707      
52) MEC289    20212     9735      
53) MAT241    20231     1247      
54) MAT241    20231     3249      
55) MAT241    20222     4918      
56) MAT241    20211     4739      
57) MAT241    20222     5778      
58) MAT241    20231     9927      
59) MAT241    20212     9785      
60) MAT241    20231     5763      
61) MAT241    20231     5318      
62) MAT241    20221     9773      
63) MAT241    20211     9958      
64) MAT241    20221     1325      
65) MAT241    20231     3122      
66) MAT241    20231     5724      
67) MAT241    20212     1791      
68) MAT241    20231     2050      
69) MAT241    20212     3703      
70) MAT241    20221     6453      
71) MAT241    20231     8320      
72) MAT241    20231     4919      
73) MAT241    20231     9103      
74) MAT241    20211     6038      
75) MAT241    20221     4712      
76) MEC206    20222     4569      
77) MEC206    20221     5494      
78) MEC206    20221     6453      
79) MEC206    20211     6963      
80) MEC206    20231     2000      
81) MEC206    20212     5607      
82) MEC206    20212     6490      
83) MEC206    20212     5775      
84) MEC206    20231     2501      
85) MEC206    20222     3508      
86) MEC206    20211     4739      
87) MEC206    20231     2050      
88) MEC206    20211     5802      
89) MEC206    20221     5067      
90) MEC206    20231     3122      
91) INF246    20231     2360      
92) INF246    20231     5724      
93) INF246    20212     3402      
94) INF246    20211     6038      
95) INF246    20231     8318      
96) INF246    20211     1260      
97) INF246    20231     9103      
98) INF246    20222     5778      
99) INF246    20221     3745      
100) INF246    20231     5527      
101) INF246    20231     8383      
102) INF246    20231     3249      
103) INF246    20231     1748      
104) INF246    20221     9773      
105) INF246    20212     9719      
106) INF246    20212     3373      
107) INF246    20221     4204      
108) INF246    20211     9958      
109) INF246    20231     5643      
110) INF246    20222     4918      
111) INF246    20231     3754      
112) INF246    20231     6015      
113) INF246    20231     5318      
114) INF246    20221     4712      
115) INF246    20211     9707      
116) FIS220    20231     2000      
117) FIS220    20231     3249      
118) FIS220    20231     2360      
119) FIS220    20222     4569      
120) FIS220    20231     8320      
121) FIS220    20211     6963      
122) FIS220    20212     2742      
123) FIS220    20211     9153      
124) FIS220    20212     5775      
125) FIS220    20212     9719      
126) FIS220    20211     1397      
127) FIS220    20231     6015      
128) FIS220    20231     1748      
129) FIS220    20212     9735      
130) FIS220    20231     9103      
131) FIS220    20222     6929      
132) FIS220    20231     4919      
133) FIS220    20211     5400      
134) FIS220    20222     3508      
135) FIS220    20212     5607      
