FALTAS LEVES
===========================================================
No.    Licencia        Placa       Cantidad       Monto
-----------------------------------------------------------
1)           54141214       Y9G-536   158.00    
2)           79766395       N6D-256   316.00    
3)           48878256       W6Z-142   316.00    
4)           58992942       V7O-315   158.00    
5)           26522329       U5W-825   158.00    
6)           47844324       F1H-328   158.00    
7)           49927087       M8Q-758   316.00    
8)           29989682       B1J-773   158.00    
9)           64178096       I0X-469   158.00    
10)           87282766       S1D-093   158.00    
11)           73818744       U5N-536   158.00    
12)           60784914       C6Q-548   316.00    
13)           73972114       J2M-606   158.00    
14)           30441350       X0F-315   158.00    
15)           63291514       L3W-411   158.00    
16)           70414420       U5T-348   158.00    
17)           51395324       M4Z-108   158.00    
18)           79641328       B4R-105   316.00    
19)           34976629       J8B-303   158.00    
20)           88167677       B4C-100   158.00    
21)           86429854       K1F-766   158.00    
22)           67185679       F1F-571   158.00    
23)           73567806       A7Y-833   316.00    
24)           36079131       I0W-872   158.00    
25)           25518120       E1J-798   158.00    
26)           30046639       L8F-459   316.00    
27)           81528434       D6F-465   158.00    
28)           64532449       X3Z-285   316.00    
29)           79672079       Y3Q-331   158.00    
30)           37080813       P7E-145   158.00    
31)           82031355       Z5D-724   158.00    
32)           27864822       S3D-133   474.00    
33)           52002275       C0S-417   158.00    
***********************************************************
FALTAS GRAVES
===========================================================
No.Licencia    Placa        Cantidad       Monto       
-----------------------------------------------------------
1)           63736112       K0D-676   632.00    
2)           45043076       R1T-735   1896.00   
3)           53853385       T9X-217   2844.00   
4)           27185429       U3F-754   948.00    
5)           35912665       O2Z-308   1264.00   
6)           13219606       N1O-921   1264.00   
7)           71832810       T1K-210   948.00    
8)           35297848       O7D-970   316.00    
9)           80310768       N5J-515   316.00    
10)           75945248       K6X-977   316.00    
11)           84186239       T6W-978   316.00    
12)           68310808       I3A-223   632.00    
13)           97849227       I0K-077   632.00    
14)           88854166       L3N-150   948.00    
15)           15029228       J0Q-121   1580.00   
16)           60335381       E6T-667   1580.00   
17)           54141214       Y9G-536   1264.00   
18)           79766395       N6D-256   948.00    
19)           48878256       W6Z-142   1264.00   
20)           89314225       C3A-423   948.00    
21)           48450395       Q5S-871   948.00    
22)           31107104       O3T-110   1264.00   
23)           16477908       W7C-957   632.00    
24)           58992942       V7O-315   1264.00   
25)           77763722       A1Q-612   948.00    
26)           32090869       L4B-291   632.00    
27)           66849703       B4N-777   1896.00   
28)           26522329       U5W-825   948.00    
29)           73357516       G0B-604   2212.00   
30)           48528209       T9L-709   632.00    
31)           69494747       J8D-125   632.00    
32)           47844324       F1H-328   316.00    
33)           82870470       K0H-387   1580.00   
34)           89941095       P6T-244   632.00    
35)           87495937       Z8C-558   2212.00   
36)           49927087       M8Q-758   1580.00   
37)           50201756       X8O-807   948.00    
38)           29989682       B1J-773   1580.00   
39)           64178096       I0X-469   632.00    
40)           69252518       P7I-760   948.00    
41)           42956681       A6D-661   632.00    
42)           68303148       H1W-140   632.00    
43)           87282766       S1D-093   1264.00   
44)           73818744       U5N-536   316.00    
45)           53374153       R2T-476   948.00    
46)           60784914       C6Q-548   1264.00   
47)           35671623       V4E-749   948.00    
48)           44188994       R2L-600   632.00    
49)           73972114       J2M-606   2212.00   
50)           99950484       L8A-167   1580.00   
51)           28820944       H2K-127   948.00    
52)           71578206       G7Z-721   1580.00   
53)           21621497       R5I-860   632.00    
54)           30441350       X0F-315   1896.00   
55)           63291514       L3W-411   316.00    
56)           70414420       U5T-348   632.00    
57)           54447051       D5W-773   1580.00   
58)           32244565       M8W-853   2528.00   
59)           79641328       B4R-105   632.00    
60)           34976629       J8B-303   1264.00   
61)           75348522       E1L-705   1264.00   
62)           88167677       B4C-100   1896.00   
63)           86429854       K1F-766   1580.00   
64)           67185679       F1F-571   1580.00   
65)           80457845       W0C-131   1264.00   
66)           24859596       A8P-118   632.00    
67)           39544560       N4J-043   316.00    
68)           90467829       H1R-953   2212.00   
69)           73567806       A7Y-833   1896.00   
70)           81485316       J5T-691   632.00    
71)           49428502       C0A-114   632.00    
72)           12270502       O1C-880   948.00    
73)           29833157       I5K-310   1896.00   
74)           38862473       K3B-165   1264.00   
75)           12858682       T5L-371   316.00    
76)           86718074       L4O-783   948.00    
77)           54665716       D2V-055   632.00    
78)           36079131       I0W-872   316.00    
79)           31205866       U6A-456   948.00    
80)           12443643       R8H-409   316.00    
81)           44346371       S4J-282   316.00    
82)           25518120       E1J-798   948.00    
83)           15559308       S3L-803   1896.00   
84)           30046639       L8F-459   1896.00   
85)           39244942       N5Y-450   632.00    
86)           81528434       D6F-465   632.00    
87)           35683701       D5W-953   316.00    
88)           43454884       P6Z-734   948.00    
89)           96693273       F3R-138   2528.00   
90)           64532449       X3Z-285   1264.00   
91)           77367073       C2S-070   2212.00   
92)           81799482       E3U-768   316.00    
93)           13628871       F3E-797   948.00    
94)           79672079       Y3Q-331   2212.00   
95)           19963454       X9O-440   1580.00   
96)           74325123       V9F-655   948.00    
97)           47528229       T8Y-354   1264.00   
98)           50200823       H1E-399   948.00    
99)           37080813       P7E-145   948.00    
100)           16136330       E3U-231   632.00    
101)           19568447       O7W-705   632.00    
102)           82031355       Z5D-724   1264.00   
103)           52003695       H8S-849   948.00    
104)           34248357       H4R-733   1896.00   
105)           27864822       S3D-133   1580.00   
106)           85501710       N2C-590   948.00    
107)           16925690       R7N-113   2212.00   
108)           52002275       C0S-417   316.00    
***********************************************************
FALTAS MUY GRAVES
===========================================================
No.Licencia    Placa        Cantidad       Monto       
-----------------------------------------------------------
1)           63736112       K0D-676   3950.00   
2)           45043076       R1T-735   1422.00   
3)           53853385       T9X-217   3871.00   
4)           27185429       U3F-754   0.00      
5)           35912665       O2Z-308   6873.00   
6)           13219606       N1O-921   1896.00   
7)           35297848       O7D-970   474.00    
8)           80310768       N5J-515   948.00    
9)           84186239       T6W-978   948.00    
10)           68310808       I3A-223   474.00    
11)           97849227       I0K-077   7347.00   
12)           88854166       L3N-150   948.00    
13)           15029228       J0Q-121   948.00    
14)           54141214       Y9G-536   1422.00   
15)           79766395       N6D-256   3397.00   
16)           48878256       W6Z-142   948.00    
17)           89314225       C3A-423   5925.00   
18)           48450395       Q5S-871   948.00    
19)           16477908       W7C-957   474.00    
20)           58992942       V7O-315   948.00    
21)           77763722       A1Q-612   2370.00   
22)           32090869       L4B-291   474.00    
23)           66849703       B4N-777   474.00    
24)           26522329       U5W-825   0.00      
25)           73357516       G0B-604   474.00    
26)           48528209       T9L-709   5925.00   
27)           82870470       K0H-387   474.00    
28)           89941095       P6T-244   2133.00   
29)           87495937       Z8C-558   4424.00   
30)           49927087       M8Q-758   4424.00   
31)           50201756       X8O-807   474.00    
32)           29989682       B1J-773   2370.00   
33)           64178096       I0X-469   3081.00   
34)           69252518       P7I-760   2923.00   
35)           42956681       A6D-661   948.00    
36)           87282766       S1D-093   948.00    
37)           73818744       U5N-536   948.00    
38)           53374153       R2T-476   6399.00   
39)           60784914       C6Q-548   2844.00   
40)           35671623       V4E-749   3397.00   
41)           44188994       R2L-600   4898.00   
42)           73972114       J2M-606   948.00    
43)           99950484       L8A-167   948.00    
44)           28820944       H2K-127   474.00    
45)           71578206       G7Z-721   2844.00   
46)           21621497       R5I-860   711.00    
47)           30441350       X0F-315   1422.00   
48)           70414420       U5T-348   4898.00   
49)           54447051       D5W-773   6399.00   
50)           32244565       M8W-853   2370.00   
51)           79641328       B4R-105   474.00    
52)           34976629       J8B-303   1659.00   
53)           88167677       B4C-100   2844.00   
54)           86429854       K1F-766   7347.00   
55)           67185679       F1F-571   1896.00   
56)           80457845       W0C-131   474.00    
57)           24859596       A8P-118   1422.00   
58)           39544560       N4J-043   7347.00   
59)           90467829       H1R-953   948.00    
60)           73567806       A7Y-833   10270.00  
61)           81485316       J5T-691   948.00    
62)           12270502       O1C-880   948.00    
63)           29833157       I5K-310   3871.00   
64)           38862473       K3B-165   948.00    
65)           12858682       T5L-371   1896.00   
66)           86718074       L4O-783   4898.00   
67)           36079131       I0W-872   474.00    
68)           12443643       R8H-409   474.00    
69)           25518120       E1J-798   474.00    
70)           15559308       S3L-803   2923.00   
71)           30046639       L8F-459   948.00    
72)           81528434       D6F-465   1422.00   
73)           35683701       D5W-953   474.00    
74)           43454884       P6Z-734   474.00    
75)           96693273       F3R-138   2449.00   
76)           64532449       X3Z-285   4424.00   
77)           77367073       C2S-070   3397.00   
78)           81799482       E3U-768   0.00      
79)           13628871       F3E-797   3950.00   
80)           79672079       Y3Q-331   474.00    
81)           19963454       X9O-440   2844.00   
82)           74325123       V9F-655   948.00    
83)           47528229       T8Y-354   474.00    
84)           50200823       H1E-399   1422.00   
85)           37080813       P7E-145   474.00    
86)           16136330       E3U-231   474.00    
87)           82031355       Z5D-724   2449.00   
88)           34248357       H4R-733   3081.00   
89)           85501710       N2C-590   1185.00   
90)           16925690       R7N-113   1422.00   
91)           52002275       C0S-417   711.00    
***********************************************************
