43704548 RY89213 20220909 1 59121 
36471787 ST60049 20230116 5 46919 92517 22232 26484 76596 
71422479 IH70367 20220817 3 18672 75565 37007 
51465986 PX70233 20220805 1 22842 
20371464 KG14787 20220828 5 24522 44253 68730 31389 92628 
36934113 PY49768 20220817 5 37007 33390 73174 30690 39172 
15290194 RY89213 20230209 4 81960 27447 61039 61211 
20371464 JL19777 20220812 1 17645 
85395219 HW52063 20230126 5 86476 70024 48244 77466 30430 
93961840 LE20189 20221002 5 58259 96031 65536 60086 36208 
61061535 PY49768 20220802 1 92517 
62126128 EP90907 20230228 3 61211 14075 16681 
85395219 RQ91509 20220817 4 18672 30690 73174 16813 
54815159 NI70269 20220803 5 91653 26506 46919 70950 55439 
91187814 JL34115 20220827 1 86681 
71422479 IM80227 20221001 5 46000 46000 37007 86451 84555 
51642949 ST60049 20230209 1 17790 
45201670 LZ53556 20230318 5 48557 86681 34027 28992 67784 
31284904 PY49768 20220826 3 43222 47734 98261 
71422479 GY80063 20220819 1 80839 
93282118 PY49768 20220806 4 47697 34027 55021 79189 
34697743 KT90929 20220805 2 22842 79996 
68114999 PX70233 20220814 4 95196 77203 53166 57036 
95656771 VJ18708 20230206 4 49685 64347 22232 82528 
54149342 EU90562 20220830 2 98261 98679 
99891737 OW18262 20220815 5 30796 30428 58200 22842 61039 
54815159 EG90798 20221027 3 94429 31189 28892 
93939698 JL19777 20220829 4 96554 26360 42053 33311 
62126128 NI70269 20220801 3 42053 26920 47734 
32538825 EP90907 20220820 1 96031 
63640178 IM80227 20221004 5 19397 61295 72969 34066 83510 
35852072 ST60049 20221214 4 33200 68730 70225 77358 
72330000 NI70269 20220826 1 37549 
93961840 PW35451 20220813 2 31883 44215 
93939698 JY15092 20230404 4 84555 77203 36711 42861 
36934113 LZ53556 20220901 4 26920 65536 86681 43633 
80694546 PX70233 20220829 2 36711 49685 
63640178 LF50611 20230114 1 76247 
68114999 KT90929 20220826 4 37549 42053 70303 65985 
81647285 LK70612 20230315 5 36622 91653 89325 43222 30690 
72973662 GY80063 20220819 3 80839 49685 42856 
31284904 MB80040 20221117 2 30220 47734 
54815159 LE20189 20230212 5 22232 31189 48244 55701 43222 
72973662 CQ25448 20230209 3 17790 28992 58252 
93231760 BF14655 20221027 1 94429 
77324146 CQ25448 20221025 5 26754 28219 76247 58252 75565 
72330000 EU90562 20230209 5 60685 42861 36711 68860 95540 
61061535 ZD40414 20220829 2 26484 86828 
72973662 EG90798 20221229 4 30428 58200 30228 65667 
51873364 NI70269 20221022 5 30228 53166 36208 28992 92517 
45914393 JL19777 20220821 3 79189 92517 93578 
35347567 RN60934 20230407 2 76238 81695 
34571095 RC80138 20230402 3 40997 49644 51148 
54149342 ES50718 20220826 2 43222 79996 
36934113 EP90907 20221127 5 58200 26360 60685 73972 15098 
49357767 ST60049 20230312 4 28992 30220 26754 81821 
13731806 RC80138 20221108 5 93578 42856 70225 70807 25684 
22679759 VJ18708 20230307 3 53846 58036 31189 
94683380 RC80138 20220817 1 84766 
92275859 IH70367 20220802 2 77466 26506 
35606314 IM64405 20230404 2 84555 24522 
51465986 IM80227 20220817 2 37007 41995 
93282118 YM60184 20220830 2 41995 64347 
20371464 JL34115 20220913 4 48039 52072 84766 41995 
65912822 PW35451 20220806 2 47697 90198 
91187814 LI80786 20220816 3 39088 24522 51148 
59561864 LI80786 20221217 1 72939 
54149342 YR30082 20230318 2 34070 26506 
62126128 MB80040 20221017 2 51148 27447 
59596317 RY89213 20221216 1 77358 
51642949 PJ70789 20230216 3 65985 70113 89528 
20371464 JL19777 20230407 2 76238 28219 
52313890 RN60934 20220817 3 60888 30430 81821 
32538825 MB80040 20230310 1 88266 
54815159 GO70992 20230223 1 62008 
37282858 YR30082 20220829 3 96554 37007 17845 
27709566 RC80138 20220823 5 36822 30007 91653 85865 26484 
45914393 RY89213 20220819 5 80839 30220 30430 84766 85641 
43704548 KG14787 20220801 3 85325 37549 55021 
62126128 EP90907 20220817 5 60888 42856 49644 33311 14075 
93231760 RN60934 20230327 2 89528 49157 
80694546 MB80040 20230411 4 82469 76596 30228 88994 
36934113 YM60184 20221204 4 70225 26484 59121 28992 
35852072 VJ18708 20230116 4 81062 26360 89325 37007 
93961840 YR30082 20220901 5 26920 18672 42856 68539 95540 
41964357 LK70612 20220816 4 53200 70226 49157 17645 
13731806 NI70269 20230111 2 11592 55021 
14956687 LZ53556 20230418 1 70116 
32538825 JL34115 20220901 4 92560 16681 47697 26506 
85395219 RN60934 20221229 5 30428 33311 57505 52072 22232 
77440060 LE20189 20221022 3 30228 36622 46000 
45914393 JL34115 20230124 4 22553 73972 61508 19397 
62126128 KT90929 20220801 4 42053 94459 98261 77203 
62287143 KT90929 20230212 3 22232 57269 40997 
59561864 YR30082 20220803 1 40862 
27709566 GO70992 20230328 4 88994 86681 55813 75565 
31284904 EU90562 20220827 4 86681 16681 44253 86451 
93231760 KG14787 20220816 1 47734 
81647285 RN60934 20230418 2 70116 79996 
28992638 JL19777 20220817 5 18672 15098 86158 42053 82528 
45201670 EG90798 20220821 5 79189 79189 22553 30430 26360 
53420926 JL34115 20220806 1 47697 
99891737 VJ18708 20220909 1 59121 
81647285 EP90907 20220801 4 90198 58036 16299 33390 
86988155 CQ25448 20220914 1 81333 
61061535 JY15092 20230328 4 88994 12388 97465 67784 
68114999 EG90798 20220901 3 92560 62302 57505 
61061535 XN33687 20220820 3 96031 52072 60086 
95656771 KT90929 20230124 1 22553 
86988155 LF50611 20221229 2 30428 58259 
90367684 EG90798 20220804 3 28219 49644 92517 
77440060 LI80786 20230426 5 68610 44215 92517 34027 46919 
80694546 LE20189 20220830 3 41995 81821 42861 
51873364 JY15092 20221229 4 30428 42861 26360 31311 
94683380 HW52063 20220906 1 33276 
22598563 JL34115 20221108 3 93578 96554 93578 
30246960 LE20189 20220829 2 90300 28219 
94683380 GO70992 20230201 4 40645 48244 53200 40997 
36934113 OW18262 20220829 4 36711 82469 68539 74680 
58643376 GO70992 20220826 1 43222 
36471787 PJ70789 20220814 5 44215 48557 45814 54692 81333 
81539774 ES50718 20221004 1 19397 
93961840 YM60184 20230206 3 17804 42856 16299 
90367684 RQ91509 20221127 2 12388 70303 
36934113 HW52063 20221030 3 70113 55813 90198 
45201670 LE20189 20220814 2 95196 17790 
63640178 NI70269 20220809 1 80830 
90367684 LZ53556 20220917 2 97465 64347 
15290194 PJ70789 20230404 5 84555 43222 32486 34066 84771 
58643376 PX70233 20230303 3 28892 89839 40862 
62287143 GO70992 20221020 5 68860 85325 70303 33311 77358 
59596317 CQ25448 20230427 2 60509 60086 
51465986 GY80063 20230330 2 73174 77534 
49357767 GY80063 20220804 3 70024 59395 31311 
93961840 PJ70789 20220801 3 62302 22306 70303 
53420926 RC80138 20220801 1 42053 
30246960 JY15092 20221129 4 32486 30428 61508 16681 
41964357 ZD40414 20230315 4 36622 42856 96881 70226 
17299012 GO70992 20221027 4 94429 26506 14962 68610 
32538825 ST60049 20221118 1 41403 
12484697 CQ25448 20220916 4 15098 68539 22842 11370 
86988155 RQ91509 20220901 4 26920 38648 53166 40645 
35347567 EP90907 20220823 5 79996 40997 38648 37007 18672 
20371464 EG90798 20220830 3 98261 68730 70226 
90367684 HW52063 20230315 1 36622 
57182371 KT90929 20221026 1 68730 
66039166 LK70612 20220825 2 48244 58036 
32538825 RQ91509 20220829 4 96554 83801 30690 90198 
62126128 OL30557 20220817 3 84766 77358 70303 
13731806 IM64405 20221116 2 61039 17845 
68269451 GY80063 20220801 2 53084 47734 
80694546 KT90929 20220802 3 77466 81062 74924 
65912822 YM60184 20230116 1 46919 
72330000 HW52063 20220809 4 33311 48244 46000 77534 
62287143 LK70612 20221127 5 12388 31389 46919 73174 28992 
68269451 MB80040 20220816 4 53200 53084 86158 72969 
30246960 PX70233 20220917 2 97465 73972 
99891737 LK70612 20221206 5 34027 15098 30430 94415 77358 
15290194 NI70269 20220906 4 33276 52072 36649 62302 
93282118 PW35451 20220919 2 98679 81960 
93961840 YR30082 20220829 5 58252 14962 22232 98679 49756 
51465986 YR30082 20221022 5 30228 68730 26360 86158 88681 
93939698 RN60934 20220801 2 53084 22842 
77440060 PJ70789 20220820 5 96031 68860 24522 62008 81333 
61061535 KT90929 20220818 1 26506 
90367684 HW52063 20221026 1 68730 
37282858 GY80063 20220913 3 48039 31189 26754 
53420926 CQ25448 20221222 2 67415 72495 
12484697 PX70233 20230114 1 76247 
22679759 VJ18708 20230121 3 70303 91653 16359 
51465986 PW35451 20220827 1 16055 
77324146 OL30557 20221229 4 33390 12388 61039 31311 
37282858 JL34115 20230209 5 17790 81821 96881 44253 34080 
68114999 LE20189 20221025 1 26754 
57182371 IM64405 20230418 1 70116 
20371464 LI80786 20220804 2 68539 60685 
54149342 EG90798 20220804 3 28219 90300 60509 
54815159 OW18262 20220917 4 61508 58252 28219 73174 
14956687 IH70367 20220821 1 79189 
90367684 JL34115 20230327 5 89528 63555 68346 22842 76596 
62287143 ST60049 20230312 4 28992 96031 79996 88994 
81647285 PX70233 20230116 5 46919 91653 88266 17645 30690 
54149342 JL34115 20230312 5 58036 95196 17804 70226 76247 
51642949 LE20189 20221127 2 12388 76238 
86988155 YR30082 20220813 3 31883 76247 53846 
99891737 KT90929 20230307 5 53846 58259 30228 42856 76247 
77324146 LE20189 20221122 3 74680 72969 43222 
54815159 MB80040 20220829 4 96554 70116 26920 92517 
15290194 NI70269 20220829 2 26484 26920 
51873364 LE20189 20220803 5 91653 16299 46919 24522 40862 
93961840 BF14655 20221001 5 46000 41995 89325 37549 81333 
20371464 JY15092 20221001 2 46000 75565 
12484697 RC80138 20220810 4 74924 43633 74680 75565 
61061535 ST60049 20221215 2 43633 73174 
34697743 LF50611 20220901 3 14962 90198 70807 
43704548 YR30082 20230127 5 39779 36649 77358 47734 17804 
68269451 EP90907 20220825 2 42861 34070 
99891737 JY15092 20230404 1 84555 
75100362 ST60049 20220830 4 41995 25684 94415 18672 
13731806 VJ18708 20220824 4 27016 28409 46919 47697 
91187814 IM80227 20221015 5 57036 40997 40862 53084 64347 
31284904 EP90907 20230307 1 53846 
51642949 PJ70789 20220803 1 91653 
27709566 LF50611 20221201 2 45814 72495 
59596317 RQ91509 20220901 3 26920 98679 51148 
99891737 ZD40414 20230411 4 82469 30428 62008 24733 
68269451 HW52063 20220818 2 61295 86828 
35606314 PW35451 20230403 1 14075 
85395219 OL30557 20230126 1 86476 
36471787 EP90907 20230403 1 14075 
35606314 RY89213 20230127 2 39779 70807 
57182371 LF50611 20221121 4 81821 76238 92517 58252 
93282118 KG14787 20221026 5 68730 86681 85325 68610 47734 
59596317 CQ25448 20221214 4 33200 92628 83510 83510 
68114999 CQ25448 20220819 5 96881 39088 25684 17645 49644 
66091742 BF14655 20220923 5 75565 74924 60086 70950 31389 
20371464 PW35451 20221129 2 32486 44253 
15290194 OW18262 20220814 2 44215 50450 
30246960 KG14787 20220901 3 26920 90300 34070 
22598563 JY15092 20220829 1 26484 
51642949 RC80138 20230212 4 22232 28409 88994 40862 
49357767 BF14655 20221002 1 58259 
13731806 HW52063 20220808 1 85641 
27709566 MB80040 20230318 3 48557 31389 70950 
34697743 GO70992 20220804 5 68539 91653 19397 72061 62302 
93939698 PJ70789 20221129 4 32486 16359 11592 90300 
35852072 OL30557 20221206 5 34027 34070 58259 57505 81821 
22598563 LF50611 20220810 2 36649 86158 
95656771 JL19777 20220803 4 91653 77358 88994 34066 
37282858 KT90929 20230111 5 11592 59121 70113 26920 95196 
54149342 PX70233 20220820 3 96031 55701 77358 
72330000 PJ70789 20220901 1 26920 
45914393 PY49768 20221220 4 67784 58252 95196 83801 
93961840 BF14655 20221113 2 91282 54692 
36471787 JL19777 20230202 5 55701 82528 85325 46000 25684 
62126128 OW18262 20220827 1 16055 
51642949 OL30557 20230330 5 92628 36622 83510 49685 28992 
41964357 PJ70789 20220917 1 97465 
20371464 RY89213 20230330 1 73174 
93282118 LI80786 20220829 5 60086 70303 39779 30690 40862 
52313890 JY15092 20221127 5 58200 72969 57036 42053 88681 
93961840 GO70992 20220914 2 81333 16299 
86988155 BF14655 20221122 2 74680 39779 
85395219 MB80040 20230206 2 17804 37007 
71422479 BF14655 20220923 5 75565 86476 31189 22232 70116 
77440060 MB80040 20220826 3 43222 76238 36711 
62126128 VJ18708 20230206 2 49685 77466 
35606314 GO70992 20230111 2 11592 63555 
54815159 IM80227 20230318 4 34070 73174 82469 39779 
77324146 RC80138 20230328 4 88994 34066 16359 67415 
65912822 IM80227 20230318 1 88681 
22598563 LK70612 20220829 1 58252 
12484697 EU90562 20220913 3 48039 94429 93578 
72330000 ES50718 20230330 4 92628 70116 53200 30430 
93939698 NI70269 20220915 3 72061 95196 26754 
66091742 EG90798 20220803 5 40862 90198 41403 43633 32486 
35852072 RN60934 20230411 5 82469 25684 47697 81960 72495 
13731806 GY80063 20220824 4 36208 26484 80830 75565 
15290194 IM80227 20220809 5 38648 90198 49157 68610 40997 
51642949 VJ18708 20221218 3 16299 88994 41403 
22598563 OL30557 20230228 3 61211 37007 81062 
93231760 LZ53556 20230330 4 92628 86476 70116 90300 
35852072 LK70612 20220819 4 80839 31189 84555 40862 
71422479 YR30082 20220822 4 76360 55439 22842 40862 
15290194 LI80786 20230418 1 70116 
54149342 GO70992 20230310 1 88266 
62287143 BF14655 20220818 1 61295 
58643376 HW52063 20220827 5 16055 79996 54692 46919 70950 
13731806 VJ18708 20220808 2 77203 11370 
51465986 JL19777 20220909 3 59121 81821 55439 
15290194 NI70269 20220818 5 26506 88994 95540 65667 36711 
54815159 EP90907 20221122 4 74680 86828 36622 70225 
94683380 XN33687 20220909 2 30690 81695 
72330000 VJ18708 20221026 4 68730 59395 36649 53166 
52313890 NI70269 20220816 1 17845 
77324146 RQ91509 20221201 5 45814 81695 30007 48557 77203 
35852072 NI70269 20230318 2 88681 55813 
93282118 JL34115 20230318 3 25684 53846 17845 
62287143 YR30082 20220804 3 94459 16359 73174 
12484697 LZ53556 20220812 2 17645 81960 
51465986 OL30557 20221215 4 43633 94415 47697 16299 
62287143 IM64405 20220916 2 15098 40862 
