14
13
8
16
19
19
18
16
16
15
7
16
13
5
16
17
17
12
20
6
2
10
9
19
16
20
18
6
18
16
17
11
15
13
18
6
12
14
13
20
4
20
16
19
17
8
20
12
5
12
4
20
5
3
17
11
17
4
3
6
7
17
13
12
10
7
16
11
13
16
11
4
4
16
13
5
15
12
18
7
15
20
5
11
17
14
16
9
4
17
9
20
13
7
15
20
20
19
17
18
9
14
16
9
2
7
19
1
19
7
11
15
11
14
11
2
14
18
1
1
13
20
19
17
11
20
2
12
3
14
12
6
13
4
7
17
18
9
5
2
12
15
5
18
16
12
18
20
5
11
17
7
16
8
14
1
19
5
5
9
19
16
3
20
8
12
16
19
17
11
15
19
15
17
6
14
16
2
19
Codigo del Alumno: 202315527
Nombre del Alumno: JUSTINO COLLADO LUZ DELICIA
Detalle de Cursos:
Cursados Aprobados  1ra Vez   2da Vez   3ra Vez
    1         1         0         0         0
