Medico: Tabori Arias Rosario
Codigo: OF9852
Honorarios por cita: 955.15
==========================================================
Pacientes atendidos:
----------------------------------------------------------
No.       Paciente     Veces     Pago         Seguro
1)        718917         1        47.76       907.39
2)        732539         1       448.54       506.61
3)        849253         1       636.70       318.45
4)        701419         1       249.01       706.14
5)        648719         1       494.96       460.19
6)        977556         1       419.69       535.46
7)        975942         1       896.98        58.17
8)        710333         1       134.39       820.76
9)        831478         1        73.55       881.60
10)       683914         1       331.25       623.90
11)       866458         1       146.42       808.73
12)       892455         1       443.09       512.06
13)       812663         1        49.48       905.67
14)       958322         1       148.14       807.01
15)       684369         1       376.52       578.63
16)       745356         1       412.05       543.10
17)       806874         1       113.95       841.20
18)       642239         1       580.83       374.32
19)       757608         1       289.12       666.03
20)       946743         1       328.57       626.58
21)       790233         1       313.10       642.05
22)       819017         1       773.48       181.67
23)       647813         1       627.63       327.52
24)       757577         1       203.73       751.42
25)       798691         1       242.04       713.11
26)       704137         1       955.15         0.00
27)       645450         1       484.36       470.79
==========================================================
Monto total recibido por pacientes:  10220.49
Monto a solicitar al seguro:         15568.56
Total de citas atendidas:               27
==========================================================
Medico: Ayala Zevallos Johan Enrique
Codigo: TR9491
Honorarios por cita: 720.64
==========================================================
Pacientes atendidos:
----------------------------------------------------------
No.       Paciente     Veces     Pago         Seguro
1)        637427         1        46.41       674.23
2)        629757         2      1290.95       150.33
3)        632927         1       146.22       574.42
4)        948643         1       161.50       559.14
5)        938363         1       378.98       341.66
6)        996128         2       273.41      1167.87
7)        798799         1        74.15       646.49
8)        762744         1       720.64         0.00
9)        837419         1       580.98       139.66
10)       651743         2       696.14       745.14
11)       661264         1       608.58       112.06
12)       909160         1       405.65       314.99
13)       741156         1       476.34       244.30
14)       833287         1       228.15       492.49
15)       811709         1       237.81       482.83
16)       832309         1        78.19       642.45
17)       969996         1       300.43       420.21
18)       836165         1       519.00       201.64
19)       645450         1       365.44       355.20
20)       880906         1       341.08       379.56
21)       771803         1       644.54        76.10
22)       887167         1       104.49       616.15
23)       818881         1       417.61       303.03
24)       884464         1       386.62       334.02
25)       982884         1        84.75       635.89
26)       810294         1       312.40       408.24
27)       773263         1       102.26       618.38
28)       743155         1       359.82       360.82
29)       831478         1        55.49       665.15
30)       687006         1       261.16       459.48
31)       662589         1       174.90       545.74
32)       759817         1       458.69       261.95
33)       911742         1       314.99       405.65
34)       675277         1       215.98       504.66
35)       806874         1        85.97       634.67
36)       986299         1       545.81       174.83
37)       807001         1       479.66       240.98
38)       854910         1       411.92       308.72
39)       961300         1        76.89       643.75
40)       837717         1       274.78       445.86
==========================================================
Monto total recibido por pacientes:  13698.79
Monto a solicitar al seguro:         17288.73
Total de citas atendidas:               40
==========================================================
Medico: Collado Villa Raul
Codigo: CA3822
Honorarios por cita: 284.04
==========================================================
Pacientes atendidos:
----------------------------------------------------------
No.       Paciente     Veces     Pago         Seguro
1)        850963         1        30.39       253.65
2)        821541         1       191.93        92.11
3)        777478         1        62.69       221.35
4)        965049         1        87.74       196.30
5)        984970         2        93.17       474.91
6)        983029         1        58.85       225.19
7)        881508         1       156.53       127.51
8)        960918         1        64.45       219.59
9)        759817         1       180.79       103.25
10)       677779         2       568.08         0.00
11)       651743         1       137.19       146.85
12)       831478         1        21.87       262.17
13)       806874         1        33.89       250.15
14)       955078         1       166.31       117.73
15)       728489         1       218.63        65.41
16)       649953         1        29.60       254.44
17)       761321         1       105.41       178.63
18)       757577         1        60.59       223.45
19)       938363         2       298.75       269.33
20)       983440         1       234.02        50.02
21)       956086         1       284.04         0.00
22)       857268         1        51.35       232.69
23)       893601         1       206.89        77.15
24)       982479         1        92.94       191.10
25)       945152         1       124.64       159.40
26)       873914         1       137.50       146.54
27)       891472         1        26.50       257.54
28)       630889         1       244.25        39.79
29)       654600         1        48.80       235.24
30)       887167         1        41.19       242.85
==========================================================
Monto total recibido por pacientes:   4058.96
Monto a solicitar al seguro:          5314.36
Total de citas atendidas:               30
==========================================================
Medico: Zamora Cabrera Carmen
Codigo: EN4313
Honorarios por cita: 445.12
==========================================================
Pacientes atendidos:
----------------------------------------------------------
No.       Paciente     Veces     Pago         Seguro
1)        798429         1        67.26       377.86
2)        806874         1        53.10       392.02
3)        647813         1       292.49       152.63
4)        861214         1        63.92       381.20
5)        687006         1       161.31       283.81
6)        948643         1        99.75       345.37
7)        757210         1        77.18       367.94
8)        662589         1       108.03       337.09
9)        742910         1       111.15       333.97
10)       679492         1       376.62        68.50
11)       702634         1       339.18       105.94
12)       821425         1       133.18       311.94
13)       704724         2       524.97       365.27
14)       661264         1       375.90        69.22
15)       777752         1       281.32       163.80
16)       919520         1       130.60       314.52
17)       963189         1       232.75       212.37
18)       889622         1       309.09       136.03
19)       631752         1       319.42       125.70
20)       773263         1        63.16       381.96
21)       642849         1       396.65        48.47
22)       629757         1       398.69        46.43
23)       676294         1       279.62       165.50
24)       760807         1       191.00       254.12
25)       981965         1       271.57       173.55
26)       893623         1        67.39       377.73
27)       889096         1       378.26        66.86
28)       973252         1        72.73       372.39
29)       728611         1       445.12         0.00
==========================================================
Monto total recibido por pacientes:   6621.43
Monto a solicitar al seguro:          6732.17
Total de citas atendidas:               29
==========================================================
Medico: Portugal Raffo Alexander
Codigo: GA7574
Honorarios por cita: 173.48
==========================================================
Pacientes atendidos:
----------------------------------------------------------
No.       Paciente     Veces     Pago         Seguro
1)        683024         1        12.92       160.56
2)        881508         1        95.60        77.88
3)        650509         1       155.51        17.97
4)        922774         1        87.49        85.99
5)        710796         1        64.57       108.91
6)        911906         1       148.71        24.77
7)        906869         1        15.02       158.46
8)        837419         1       139.86        33.62
9)        891472         1        16.19       157.29
10)       881447         1        14.85       158.63
11)       645450         1        87.97        85.51
12)       902327         1        26.30       147.18
13)       649079         1        74.04        99.44
14)       857177         2       307.96        39.00
15)       860834         1       148.93        24.55
16)       946743         1        59.68       113.80
17)       892455         1        80.48        93.00
18)       841574         1        91.58        81.90
19)       653986         1        95.97        77.51
20)       753123         1        40.37       133.11
21)       666929         1        33.97       139.51
22)       804295         1       173.48         0.00
23)       934577         1       111.24        62.24
24)       647813         1       113.99        59.49
25)       803981         1       107.21        66.27
26)       687072         1        71.65       101.83
==========================================================
Monto total recibido por pacientes:   2375.53
Monto a solicitar al seguro:          2308.43
Total de citas atendidas:               26
==========================================================
Medico: Saenz Aranda Wilmer
Codigo: GI8983
Honorarios por cita: 140.24
==========================================================
Pacientes atendidos:
----------------------------------------------------------
No.       Paciente     Veces     Pago         Seguro
1)        891472         1        13.08       127.16
2)        733943         1        49.06        91.18
3)        969996         1        58.47        81.77
4)        687006         1        50.82        89.42
5)        841574         1        74.03        66.21
6)        742910         1        35.02       105.22
7)        875968         1       103.33        36.91
8)        629757         1       125.61        14.63
9)        690097         2        86.84       193.64
10)       651743         1        67.74        72.50
11)       689047         1       140.24         0.00
12)       982884         1        16.49       123.75
13)       998097         1       100.22        40.02
14)       825008         2       117.86       162.62
15)       911906         1       120.21        20.03
16)       851510         1        64.45        75.79
17)       934577         1        89.92        50.32
18)       626390         1        96.37        43.87
19)       793694         1        60.99        79.25
20)       678450         2        97.61       182.87
21)       649953         1        14.61       125.63
22)       705854         1       102.53        37.71
23)       981302         1        45.27        94.97
24)       626592         1         9.52       130.72
25)       887416         1       112.95        27.29
26)       821425         1        41.96        98.28
27)       984970         1        23.00       117.24
28)       637427         1         9.03       131.21
29)       825652         1       140.24         0.00
30)       645450         1        71.12        69.12
31)       672261         1        83.54        56.70
==========================================================
Monto total recibido por pacientes:   2222.13
Monto a solicitar al seguro:          2546.03
Total de citas atendidas:               31
==========================================================
Medico: Chung Zuniga Zkenia Irma
Codigo: TR3914
Honorarios por cita: 189.91
==========================================================
Pacientes atendidos:
----------------------------------------------------------
No.       Paciente     Veces     Pago         Seguro
1)        866312         1       125.11        64.80
2)        757577         1        40.51       149.40
3)        996128         1        36.03       153.88
4)        653986         1       105.06        84.85
5)        978453         2       168.98       210.84
6)        759817         2       241.76       138.06
7)        961300         1        20.26       169.65
8)        635686         1       119.21        70.70
9)        695302         1        38.21       151.70
10)       675277         1        56.92       132.99
11)       751070         1        61.74       128.17
12)       953250         1        99.95        89.96
13)       868719         1        43.24       146.67
14)       894135         1       143.55        46.36
15)       973139         1        54.68       135.23
16)       854910         1       108.55        81.36
17)       743155         1        94.82        95.09
18)       704137         1       189.91         0.00
19)       649079         1        81.05       108.86
20)       753123         1        44.19       145.72
21)       889658         2       341.84        37.98
22)       840239         1       165.62        24.29
23)       852450         1        73.48       116.43
24)       965049         1        58.66       131.25
25)       900803         1       170.92        18.99
26)       932155         1        58.53       131.38
27)       661264         1       160.38        29.53
28)       981965         1       115.86        74.05
29)       642377         1       150.92        38.99
30)       672261         1       113.13        76.78
31)       639486         1        38.21       151.70
32)       887416         1       152.95        36.96
==========================================================
Monto total recibido por pacientes:   3474.23
Monto a solicitar al seguro:          3172.62
Total de citas atendidas:               32
==========================================================
Medico: Perez Antezano David Carlos
Codigo: EN2265
Honorarios por cita: 644.36
==========================================================
Pacientes atendidos:
----------------------------------------------------------
No.       Paciente     Veces     Pago         Seguro
1)        907870         1       149.23       495.13
2)        906869         2       111.60      1177.12
3)        834873         1       466.00       178.36
4)        846513         1       445.38       198.98
5)        710182         1       278.36       366.00
6)        943118         1       281.07       363.29
7)        742910         1       160.90       483.46
8)        838870         1       256.71       387.65
9)        645450         1       326.75       317.61
10)       700236         1       310.97       333.39
11)       798429         1        97.36       547.00
12)       793694         1       280.23       364.13
13)       873914         1       311.93       332.43
14)       969996         1       268.63       375.73
15)       821541         1       435.39       208.97
16)       837419         1       519.48       124.88
17)       861214         1        92.53       551.83
18)       684369         1       254.01       390.35
19)       922774         1       324.95       319.41
20)       792760         1       560.72        83.64
21)       661264         1       544.16       100.20
22)       642377         1       512.07       132.29
23)       956086         1       644.36         0.00
24)       982479         1       210.83       433.53
25)       932021         1       644.36         0.00
26)       753123         1       149.94       494.42
27)       690097         1       199.49       444.87
28)       911906         1       552.35        92.01
29)       771803         1       576.32        68.04
==========================================================
Monto total recibido por pacientes:   9966.12
Monto a solicitar al seguro:          9364.68
Total de citas atendidas:               29
==========================================================
